# Made in Blockbench 4.2.2
mtllib Flower Power.mtl

o cube
v 0.029910184214554283 0.08533383453331944 -0.04536884341072727
v 0.03948573975354151 0.08533383453331944 -0.03733399828964553
v -0.027799472263596192 -0.16133547842298154 0.02340684702448626
v -0.018223916724608963 -0.16133547842298154 0.031441692145568
v 0.04703602442297969 0.0810585827417486 -0.046332077169557444
v 0.03746046888399246 0.0810585827417486 -0.054366922290639184
v -0.010673632055170773 -0.16561073021455242 0.02244361326565609
v -0.02024918759415803 -0.16561073021455242 0.014408768144574348
vt 0 0.8125
vt 0.03125 0.8125
vt 0.03125 0.15625
vt 0 0.15625
vt 0.03125 0.8125
vt 0.0625 0.8125
vt 0.0625 0.15625
vt 0.03125 0.15625
vt 0.0625 0.8125
vt 0.09375 0.8125
vt 0.09375 0.15625
vt 0.0625 0.15625
vt 0.09375 0.8125
vt 0.125 0.8125
vt 0.125 0.15625
vt 0.09375 0.15625
vt 0.09375 0.78125
vt 0.0625 0.78125
vt 0.0625 0.8125
vt 0.09375 0.8125
vt 0.125 0.78125
vt 0.09375 0.78125
vt 0.09375 0.75
vt 0.125 0.75
vn 0.7660444431189781 -4.3368086899420184e-17 0.6427876096865393
vn -0.6040227735550536 0.34202014332566866 0.7198463103929543
vn -0.7660444431189781 4.3368086899420184e-17 -0.6427876096865393
vn 0.6040227735550536 -0.34202014332566866 -0.7198463103929543
vn 0.21984631039295416 0.9396926207859083 -0.262002630229385
vn -0.21984631039295416 -0.9396926207859083 0.262002630229385
usemtl m_1
f 4/4/1 7/3/1 5/2/1 2/1/1
f 3/8/2 4/7/2 2/6/2 1/5/2
f 8/12/3 3/11/3 1/10/3 6/9/3
f 7/16/4 8/15/4 6/14/4 5/13/4
f 6/20/5 1/19/5 2/18/5 5/17/5
f 7/24/6 4/23/6 3/22/6 8/21/6
o cube
v 0.02104300866589731 0.10882615005296714 -0.06397117684808451
v 0.030618564204884527 0.10882615005296714 -0.055936331727002776
v 0.015546850906073453 0.08533383453331944 -0.05742111109234988
v 0.02512240644506067 0.08533383453331944 -0.04938626597126814
v 0.0381688488743227 0.1045508982613963 -0.06493441060691468
v 0.028593293335335473 0.1045508982613963 -0.07296925572799642
v 0.03267269111449883 0.0810585827417486 -0.058384344851180055
v 0.02309713557551163 0.0810585827417486 -0.06641918997226179
vt 0.15625 0.75
vt 0.1875 0.75
vt 0.1875 0.6875
vt 0.15625 0.6875
vt 0.1875 0.75
vt 0.21875 0.75
vt 0.21875 0.6875
vt 0.1875 0.6875
vt 0.21875 0.8125
vt 0.25 0.8125
vt 0.25 0.75
vt 0.21875 0.75
vt 0.125 0.75
vt 0.15625 0.75
vt 0.15625 0.6875
vt 0.125 0.6875
vt 0.25 0.71875
vt 0.21875 0.71875
vt 0.21875 0.75
vt 0.25 0.75
vt 0.25 0.71875
vt 0.21875 0.71875
vt 0.21875 0.6875
vt 0.25 0.6875
vn 0.7660444431189781 -4.3368086899420184e-17 0.6427876096865393
vn -0.6040227735550536 0.34202014332566866 0.7198463103929543
vn -0.7660444431189781 4.3368086899420184e-17 -0.6427876096865393
vn 0.6040227735550536 -0.34202014332566866 -0.7198463103929543
vn 0.21984631039295416 0.9396926207859083 -0.262002630229385
vn -0.21984631039295416 -0.9396926207859083 0.262002630229385
usemtl m_1
f 12/28/7 15/27/7 13/26/7 10/25/7
f 11/32/8 12/31/8 10/30/8 9/29/8
f 16/36/9 11/35/9 9/34/9 14/33/9
f 15/40/10 16/39/10 14/38/10 13/37/10
f 14/44/11 9/43/11 10/42/11 13/41/11
f 15/48/12 12/47/12 11/46/12 16/45/12
o cube
v 0.014215532006822004 0.12057230781279099 -0.07528105484703357
v 0.023791087545809234 0.12057230781279099 -0.06724620972595183
v 0.00871937424699816 0.09707999229314329 -0.06873098909129893
v 0.01829492978598539 0.09707999229314329 -0.0606961439702172
v 0.03134137221524741 0.11629705602122015 -0.07624428860586374
v 0.02176581667626018 0.11629705602122015 -0.08427913372694548
v 0.025845214455423565 0.09280474050157245 -0.0696942228501291
v 0.016269658916436336 0.09280474050157245 -0.07772906797121085
vt 0.15625 0.75
vt 0.1875 0.75
vt 0.1875 0.6875
vt 0.15625 0.6875
vt 0.21875 0.75
vt 0.25 0.75
vt 0.25 0.6875
vt 0.21875 0.6875
vt 0.1875 0.75
vt 0.21875 0.75
vt 0.21875 0.6875
vt 0.1875 0.6875
vt 0.125 0.75
vt 0.15625 0.75
vt 0.15625 0.6875
vt 0.125 0.6875
vt 0.25 0.75
vt 0.21875 0.75
vt 0.21875 0.78125
vt 0.25 0.78125
vt 0.21875 0.78125
vt 0.1875 0.78125
vt 0.1875 0.75
vt 0.21875 0.75
vn 0.7660444431189781 -4.3368086899420184e-17 0.6427876096865393
vn -0.6040227735550536 0.34202014332566866 0.7198463103929543
vn -0.7660444431189781 4.3368086899420184e-17 -0.6427876096865393
vn 0.6040227735550536 -0.34202014332566866 -0.7198463103929543
vn 0.21984631039295416 0.9396926207859083 -0.262002630229385
vn -0.21984631039295416 -0.9396926207859083 0.262002630229385
usemtl m_1
f 20/52/13 23/51/13 21/50/13 18/49/13
f 19/56/14 20/55/14 18/54/14 17/53/14
f 24/60/15 19/59/15 17/58/15 22/57/15
f 23/64/16 24/63/16 22/62/16 21/61/16
f 22/68/17 17/67/17 18/66/17 21/65/17
f 23/72/18 20/71/18 19/70/18 24/69/18
o cube
v 0.012884213107570555 0.1558107810922626 -0.09314099860171723
v 0.022459768646557784 0.1558107810922626 -0.0851061534806355
v 0.0018918975879228528 0.10882615005296714 -0.08004086709024799
v 0.011467453126910082 0.10882615005296714 -0.07200602196916625
v 0.03001005331599596 0.15153552930069175 -0.09410423236054741
v 0.02043449777700873 0.15153552930069175 -0.10213907748162915
v 0.019017737796348244 0.1045508982613963 -0.08100410084907816
v 0.009442182257361015 0.1045508982613963 -0.0890389459701599
vt 0.125 0.8125
vt 0.15625 0.8125
vt 0.15625 0.6875
vt 0.125 0.6875
vt 0.15625 0.8125
vt 0.1875 0.8125
vt 0.1875 0.6875
vt 0.15625 0.6875
vt 0.1875 0.8125
vt 0.21875 0.8125
vt 0.21875 0.6875
vt 0.1875 0.6875
vt 0.21875 0.8125
vt 0.25 0.8125
vt 0.25 0.6875
vt 0.21875 0.6875
vt 0.25 0.6875
vt 0.21875 0.6875
vt 0.21875 0.71875
vt 0.25 0.71875
vt 0.25 0.75
vt 0.21875 0.75
vt 0.21875 0.71875
vt 0.25 0.71875
vn 0.7660444431189781 -4.3368086899420184e-17 0.6427876096865393
vn -0.6040227735550536 0.34202014332566866 0.7198463103929543
vn -0.7660444431189781 4.3368086899420184e-17 -0.6427876096865393
vn 0.6040227735550536 -0.34202014332566866 -0.7198463103929543
vn 0.21984631039295416 0.9396926207859083 -0.262002630229385
vn -0.21984631039295416 -0.9396926207859083 0.262002630229385
usemtl m_1
f 28/76/19 31/75/19 29/74/19 26/73/19
f 27/80/20 28/79/20 26/78/20 25/77/20
f 32/84/21 27/83/21 25/82/21 30/81/21
f 31/88/22 32/87/22 30/86/22 29/85/22
f 30/92/23 25/91/23 26/90/23 29/89/23
f 31/96/24 28/95/24 27/94/24 32/93/24
o cube
v 0.02520784752646972 0.16755693885208645 -0.08838118635850281
v 0.03478340306545695 0.16755693885208645 -0.08034634123742107
v 0.019711689766645862 0.1440646233324387 -0.08183112060276818
v 0.02928724530563309 0.1440646233324387 -0.07379627548168644
v 0.042333687734895126 0.1632816870605156 -0.08934442011733298
v 0.032758132195907896 0.1632816870605156 -0.09737926523841473
v 0.036837529975071254 0.13978937154086785 -0.08279435436159835
v 0.027261974436084024 0.13978937154086785 -0.09082919948268009
vt 0.1875 0.796875
vt 0.21875 0.796875
vt 0.21875 0.734375
vt 0.1875 0.734375
vt 0.203125 0.75
vt 0.234375 0.75
vt 0.234375 0.6875
vt 0.203125 0.6875
vt 0.171875 0.765625
vt 0.203125 0.765625
vt 0.203125 0.703125
vt 0.171875 0.703125
vt 0.21875 0.796875
vt 0.25 0.796875
vt 0.25 0.734375
vt 0.21875 0.734375
vt 0.203125 0.78125
vt 0.171875 0.78125
vt 0.171875 0.8125
vt 0.203125 0.8125
vt 0.25 0.71875
vt 0.21875 0.71875
vt 0.21875 0.6875
vt 0.25 0.6875
vn 0.7660444431189781 -4.3368086899420184e-17 0.6427876096865393
vn -0.6040227735550536 0.34202014332566866 0.7198463103929543
vn -0.7660444431189781 4.3368086899420184e-17 -0.6427876096865393
vn 0.6040227735550536 -0.34202014332566866 -0.7198463103929543
vn 0.21984631039295416 0.9396926207859083 -0.262002630229385
vn -0.21984631039295416 -0.9396926207859083 0.262002630229385
usemtl m_1
f 36/100/25 39/99/25 37/98/25 34/97/25
f 35/104/26 36/103/26 34/102/26 33/101/26
f 40/108/27 35/107/27 33/106/27 38/105/27
f 39/112/28 40/111/28 38/110/28 37/109/28
f 38/116/29 33/115/29 34/114/29 37/113/29
f 39/120/30 36/119/30 35/118/30 40/117/30
o cube
v 0.06351006968241862 0.16755693885208645 -0.05624180587417584
v 0.08266118076039307 0.16755693885208645 -0.04017211563201237
v 0.06076199080250669 0.1558107810922626 -0.05296677299630854
v 0.07991310188048113 0.1558107810922626 -0.036897082754145064
v 0.09021146542983124 0.1632816870605156 -0.049170194511924274
v 0.07106035435185679 0.1632816870605156 -0.06523988475408776
v 0.08746338654991931 0.15153552930069175 -0.045895161634056984
v 0.06831227547194485 0.15153552930069175 -0.06196485187622045
vt 0.1875 0.734375
vt 0.21875 0.734375
vt 0.21875 0.703125
vt 0.1875 0.703125
vt 0.3125 0.984375
vt 0.375 0.984375
vt 0.375 0.953125
vt 0.3125 0.953125
vt 0.15625 0.765625
vt 0.1875 0.765625
vt 0.1875 0.734375
vt 0.15625 0.734375
vt 0.265625 0.984375
vt 0.328125 0.984375
vt 0.328125 0.953125
vt 0.265625 0.953125
vt 0.203125 0.71875
vt 0.171875 0.71875
vt 0.171875 0.78125
vt 0.203125 0.78125
vt 0.234375 0.78125
vt 0.203125 0.78125
vt 0.203125 0.71875
vt 0.234375 0.71875
vn 0.7660444431189781 -4.3368086899420184e-17 0.6427876096865393
vn -0.6040227735550536 0.34202014332566866 0.7198463103929543
vn -0.7660444431189781 4.3368086899420184e-17 -0.6427876096865393
vn 0.6040227735550536 -0.34202014332566866 -0.7198463103929543
vn 0.21984631039295416 0.9396926207859083 -0.262002630229385
vn -0.21984631039295416 -0.9396926207859083 0.262002630229385
usemtl m_1
f 44/124/31 47/123/31 45/122/31 42/121/31
f 43/128/32 44/127/32 42/126/32 41/125/32
f 48/132/33 43/131/33 41/130/33 46/129/33
f 47/136/34 48/135/34 46/134/34 45/133/34
f 46/140/35 41/139/35 42/138/35 45/137/35
f 47/144/36 44/143/36 43/142/36 48/141/36
o cube
v 0.03753148194536887 0.1793030966119103 -0.08362137411528839
v 0.07583370410131776 0.1793030966119103 -0.05148199363096142
v 0.03478340306545695 0.16755693885208645 -0.08034634123742107
v 0.07308562522140584 0.16755693885208645 -0.0482069607530941
v 0.08338398877075592 0.17502784482033945 -0.06048007251087333
v 0.045081766614807034 0.17502784482033945 -0.0926194529952003
v 0.08063590989084402 0.1632816870605156 -0.057205039633006015
v 0.042333687734895126 0.1632816870605156 -0.08934442011733298
vt 0.171875 0.734375
vt 0.203125 0.734375
vt 0.203125 0.703125
vt 0.171875 0.703125
vt 0.25 1
vt 0.375 1
vt 0.375 0.96875
vt 0.25 0.96875
vt 0.15625 0.78125
vt 0.1875 0.78125
vt 0.1875 0.75
vt 0.15625 0.75
vt 0.25 0.96875
vt 0.375 0.96875
vt 0.375 0.9375
vt 0.25 0.9375
vt 0.21875 0.6875
vt 0.1875 0.6875
vt 0.1875 0.8125
vt 0.21875 0.8125
vt 0.25 0.8125
vt 0.21875 0.8125
vt 0.21875 0.6875
vt 0.25 0.6875
vn 0.7660444431189781 -4.3368086899420184e-17 0.6427876096865393
vn -0.6040227735550536 0.34202014332566866 0.7198463103929543
vn -0.7660444431189781 4.3368086899420184e-17 -0.6427876096865393
vn 0.6040227735550536 -0.34202014332566866 -0.7198463103929543
vn 0.21984631039295416 0.9396926207859083 -0.262002630229385
vn -0.21984631039295416 -0.9396926207859083 0.262002630229385
usemtl m_1
f 52/148/37 55/147/37 53/146/37 50/145/37
f 51/152/38 52/151/38 50/150/38 49/149/38
f 56/156/39 51/155/39 49/154/39 54/153/39
f 55/160/40 56/159/40 54/158/40 53/157/40
f 54/164/41 49/163/41 50/162/41 53/161/41
f 55/168/42 52/167/42 51/166/42 56/165/42
o cube
v 0.0703375463414939 0.1558107810922626 -0.0449319278752268
v 0.08948865741946835 0.1558107810922626 -0.028862237633063323
v 0.06758946746158198 0.1440646233324387 -0.04165689499735948
v 0.08674057853955644 0.1440646233324387 -0.025587204755196005
v 0.09703894208890652 0.15153552930069175 -0.03786031651297524
v 0.07788783101093208 0.15153552930069175 -0.05393000675513871
v 0.0942908632089946 0.13978937154086785 -0.03458528363510792
v 0.07513975213102014 0.13978937154086785 -0.05065497387727139
vt 0.1875 0.765625
vt 0.21875 0.765625
vt 0.21875 0.734375
vt 0.1875 0.734375
vt 0.3125 0.96875
vt 0.375 0.96875
vt 0.375 0.9375
vt 0.3125 0.9375
vt 0.171875 0.796875
vt 0.203125 0.796875
vt 0.203125 0.765625
vt 0.171875 0.765625
vt 0.265625 0.984375
vt 0.328125 0.984375
vt 0.328125 0.953125
vt 0.265625 0.953125
vt 0.203125 0.6875
vt 0.171875 0.6875
vt 0.171875 0.75
vt 0.203125 0.75
vt 0.171875 0.765625
vt 0.140625 0.765625
vt 0.140625 0.703125
vt 0.171875 0.703125
vn 0.7660444431189781 -4.3368086899420184e-17 0.6427876096865393
vn -0.6040227735550536 0.34202014332566866 0.7198463103929543
vn -0.7660444431189781 4.3368086899420184e-17 -0.6427876096865393
vn 0.6040227735550536 -0.34202014332566866 -0.7198463103929543
vn 0.21984631039295416 0.9396926207859083 -0.262002630229385
vn -0.21984631039295416 -0.9396926207859083 0.262002630229385
usemtl m_1
f 60/172/43 63/171/43 61/170/43 58/169/43
f 59/176/44 60/175/44 58/174/44 57/173/44
f 64/180/45 59/179/45 57/178/45 62/177/45
f 63/184/46 64/183/46 62/182/46 61/181/46
f 62/188/47 57/187/47 58/186/47 61/185/47
f 63/192/48 60/191/48 59/190/48 64/189/48
o cube
v 0.027870485324972605 0.09707999229314329 -0.05266129884913546
v 0.05659715194193428 0.09707999229314329 -0.028556763485890237
v 0.02512240644506067 0.08533383453331944 -0.04938626597126814
v 0.05384907306202234 0.08533383453331944 -0.02528173060802292
v 0.06414743661137245 0.09280474050157245 -0.03755484236580215
v 0.03542076999441077 0.09280474050157245 -0.06165937772904737
v 0.06139935773146051 0.0810585827417486 -0.03427980948793483
v 0.03267269111449883 0.0810585827417486 -0.058384344851180055
vt 0.34375 0.96875
vt 0.375 0.96875
vt 0.375 0.9375
vt 0.34375 0.9375
vt 0.25 1
vt 0.34375 1
vt 0.34375 0.96875
vt 0.25 0.96875
vt 0.34375 1
vt 0.375 1
vt 0.375 0.96875
vt 0.34375 0.96875
vt 0.25 0.96875
vt 0.34375 0.96875
vt 0.34375 0.9375
vt 0.25 0.9375
vt 0.25 0.6875
vt 0.21875 0.6875
vt 0.21875 0.78125
vt 0.25 0.78125
vt 0.21875 0.78125
vt 0.1875 0.78125
vt 0.1875 0.6875
vt 0.21875 0.6875
vn 0.7660444431189781 -4.3368086899420184e-17 0.6427876096865393
vn -0.6040227735550536 0.34202014332566866 0.7198463103929543
vn -0.7660444431189781 4.3368086899420184e-17 -0.6427876096865393
vn 0.6040227735550536 -0.34202014332566866 -0.7198463103929543
vn 0.21984631039295416 0.9396926207859083 -0.262002630229385
vn -0.21984631039295416 -0.9396926207859083 0.262002630229385
usemtl m_1
f 68/196/49 71/195/49 69/194/49 66/193/49
f 67/200/50 68/199/50 66/198/50 65/197/50
f 72/204/51 67/203/51 65/202/51 70/201/51
f 71/208/52 72/207/52 70/206/52 69/205/52
f 70/212/53 65/211/53 66/210/53 69/209/53
f 71/216/54 68/215/54 67/214/54 72/213/54
o cube
v 0.03478340306545695 0.16755693885208645 -0.08034634123742107
v 0.044358958604444165 0.16755693885208645 -0.07231149611633933
v 0.032035324185545014 0.1558107810922626 -0.07707130835955375
v 0.04161087972453223 0.1558107810922626 -0.06903646323847201
v 0.05190924327388233 0.1632816870605156 -0.08130957499625124
v 0.042333687734895126 0.1632816870605156 -0.08934442011733298
v 0.04916116439397039 0.15153552930069175 -0.07803454211838393
v 0.03958560885498319 0.15153552930069175 -0.08606938723946567
vt 0.21875 0.796875
vt 0.25 0.796875
vt 0.25 0.765625
vt 0.21875 0.765625
vt 0.15625 0.734375
vt 0.1875 0.734375
vt 0.1875 0.703125
vt 0.15625 0.703125
vt 0.203125 0.78125
vt 0.234375 0.78125
vt 0.234375 0.75
vt 0.203125 0.75
vt 0.171875 0.765625
vt 0.203125 0.765625
vt 0.203125 0.734375
vt 0.171875 0.734375
vt 0.25 0.71875
vt 0.21875 0.71875
vt 0.21875 0.75
vt 0.25 0.75
vt 0.1875 0.796875
vt 0.15625 0.796875
vt 0.15625 0.765625
vt 0.1875 0.765625
vn 0.7660444431189781 -4.3368086899420184e-17 0.6427876096865393
vn -0.6040227735550536 0.34202014332566866 0.7198463103929543
vn -0.7660444431189781 4.3368086899420184e-17 -0.6427876096865393
vn 0.6040227735550536 -0.34202014332566866 -0.7198463103929543
vn 0.21984631039295416 0.9396926207859083 -0.262002630229385
vn -0.21984631039295416 -0.9396926207859083 0.262002630229385
usemtl m_1
f 76/220/55 79/219/55 77/218/55 74/217/55
f 75/224/56 76/223/56 74/222/56 73/221/56
f 80/228/57 75/227/57 73/226/57 78/225/57
f 79/232/58 80/231/58 78/230/58 77/229/58
f 78/236/59 73/235/59 74/234/59 77/233/59
f 79/240/60 76/239/60 75/238/60 80/237/60
o cube
v 0.07716502300056921 0.1440646233324387 -0.033622049876277746
v 0.08674057853955644 0.1440646233324387 -0.025587204755196005
v 0.07166886524074535 0.12057230781279099 -0.027071984120543124
v 0.08124442077973257 0.12057230781279099 -0.019037138999461384
v 0.0942908632089946 0.13978937154086785 -0.03458528363510792
v 0.08471530767000737 0.13978937154086785 -0.04262012875618966
v 0.08879470544917074 0.11629705602122015 -0.028035217879373298
v 0.07921914991018353 0.11629705602122015 -0.03607006300045504
vt 0.171875 0.765625
vt 0.203125 0.765625
vt 0.203125 0.703125
vt 0.171875 0.703125
vt 0.125 0.765625
vt 0.15625 0.765625
vt 0.15625 0.703125
vt 0.125 0.703125
vt 0.15625 0.765625
vt 0.1875 0.765625
vt 0.1875 0.703125
vt 0.15625 0.703125
vt 0.1875 0.765625
vt 0.21875 0.765625
vt 0.21875 0.703125
vt 0.1875 0.703125
vt 0.25 0.734375
vt 0.21875 0.734375
vt 0.21875 0.765625
vt 0.25 0.765625
vt 0.25 0.734375
vt 0.21875 0.734375
vt 0.21875 0.703125
vt 0.25 0.703125
vn 0.7660444431189781 -4.3368086899420184e-17 0.6427876096865393
vn -0.6040227735550536 0.34202014332566866 0.7198463103929543
vn -0.7660444431189781 4.3368086899420184e-17 -0.6427876096865393
vn 0.6040227735550536 -0.34202014332566866 -0.7198463103929543
vn 0.21984631039295416 0.9396926207859083 -0.262002630229385
vn -0.21984631039295416 -0.9396926207859083 0.262002630229385
usemtl m_1
f 84/244/61 87/243/61 85/242/61 82/241/61
f 83/248/62 84/247/62 82/246/62 81/245/62
f 88/252/63 83/251/63 81/250/63 86/249/63
f 87/256/64 88/255/64 86/254/64 85/253/64
f 86/260/65 81/259/65 82/258/65 85/257/65
f 87/264/66 84/263/66 83/262/66 88/261/66
o cube
v 0.014101234885347702 0.07039202259681343 -0.016805197334627923
v 0.014101234885347702 0.07039202259681343 -0.016805197334627923
v 0.008605077125523858 0.04689970707716573 -0.010255131578893302
v 0.008605077125523858 0.04689970707716573 -0.010255131578893302
v 0.029201804224224054 0.06184151901367174 -0.03480135509445178
v 0.029201804224224054 0.06184151901367174 -0.03480135509445178
v 0.023705646464400196 0.03834920349402399 -0.028251289338717157
v 0.023705646464400196 0.03834920349402399 -0.028251289338717157
vt 0.28125 0.9375
vt 0.34375 0.9375
vt 0.34375 0.875
vt 0.28125 0.875
vt 0 1
vt 0 1
vt 0 0.9375
vt 0 0.9375
vt 0.28125 0.875
vt 0.34375 0.875
vt 0.34375 0.8125
vt 0.28125 0.8125
vt 0 1
vt 0 1
vt 0 0.9375
vt 0 0.9375
vt 0.0625 1
vt 0 1
vt 0 1
vt 0.0625 1
vt 0.0625 1
vt 0 1
vt 0 1
vt 0.0625 1
vn 0.7660444431189781 -4.3368086899420184e-17 0.6427876096865393
vn -0.6040227735550536 0.34202014332566866 0.7198463103929543
vn -0.7660444431189781 4.3368086899420184e-17 -0.6427876096865393
vn 0.6040227735550536 -0.34202014332566866 -0.7198463103929543
vn 0.21984631039295416 0.9396926207859083 -0.262002630229385
vn -0.21984631039295416 -0.9396926207859083 0.262002630229385
usemtl m_1
f 92/268/67 95/267/67 93/266/67 90/265/67
f 91/272/68 92/271/68 90/270/68 89/269/68
f 96/276/69 91/275/69 89/274/69 94/273/69
f 95/280/70 96/279/70 94/278/70 93/277/70
f 94/284/71 89/283/71 90/282/71 93/281/71
f 95/288/72 92/287/72 91/286/72 96/285/72
o cube
v 0.038558545400176 0.16541931295630102 -0.08484538067737699
v 0.07686076755612489 0.16541931295630102 -0.05270600019305003
v 0.022070072120704443 0.09494236639735787 -0.06519518341017314
v 0.06037229427665334 0.09494236639735787 -0.033055802925846166
v 0.07686076755612489 0.16541931295630102 -0.05270600019305003
v 0.038558545400176 0.16541931295630102 -0.08484538067737699
v 0.06037229427665334 0.09494236639735787 -0.033055802925846166
v 0.022070072120704443 0.09494236639735787 -0.06519518341017314
vt 0 1
vt 0 1
vt 0 0.8125
vt 0 0.8125
vt 0 1
vt 0.125 1
vt 0.125 0.8125
vt 0 0.8125
vt 0 1
vt 0 1
vt 0 0.8125
vt 0 0.8125
vt 0.125 1
vt 0.25 1
vt 0.25 0.8125
vt 0.125 0.8125
vt 0 0.875
vt 0 0.875
vt 0 1
vt 0 1
vt 0 1
vt 0 1
vt 0 0.875
vt 0 0.875
vn 0.7660444431189781 -4.3368086899420184e-17 0.6427876096865393
vn -0.6040227735550536 0.34202014332566866 0.7198463103929543
vn -0.7660444431189781 4.3368086899420184e-17 -0.6427876096865393
vn 0.6040227735550536 -0.34202014332566866 -0.7198463103929543
vn 0.21984631039295416 0.9396926207859083 -0.262002630229385
vn -0.21984631039295416 -0.9396926207859083 0.262002630229385
usemtl m_1
f 100/292/73 103/291/73 101/290/73 98/289/73
f 99/296/74 100/295/74 98/294/74 97/293/74
f 104/300/75 99/299/75 97/298/75 102/297/75
f 103/304/76 104/303/76 102/302/76 101/301/76
f 102/308/77 97/307/77 98/306/77 101/305/77
f 103/312/78 100/311/78 99/310/78 104/309/78
o cube
v 0.025107978425028057 0.10135524408471419 -0.03964579740868266
v 0.03468353396401529 0.10135524408471419 -0.03161095228760092
v 0.0196118206652042 0.07786292856506644 -0.03309573165294804
v 0.02918737620419143 0.07786292856506644 -0.0250608865318663
v 0.04223381863345345 0.09707999229314329 -0.04060903116751285
v 0.03265826309446622 0.09707999229314329 -0.04864387628859459
v 0.03673766087362959 0.07358767677349559 -0.034058965411778226
v 0.02716210533464236 0.07358767677349559 -0.04209381053285997
vt 0.3125 0.8125
vt 0.34375 0.8125
vt 0.34375 0.75
vt 0.3125 0.75
vt 0.28125 0.8125
vt 0.3125 0.8125
vt 0.3125 0.75
vt 0.28125 0.75
vt 0.3125 0.75
vt 0.34375 0.75
vt 0.34375 0.6875
vt 0.3125 0.6875
vt 0.3125 0.8125
vt 0.34375 0.8125
vt 0.34375 0.75
vt 0.3125 0.75
vt 0.3125 0.71875
vt 0.28125 0.71875
vt 0.28125 0.75
vt 0.3125 0.75
vt 0.3125 0.71875
vt 0.28125 0.71875
vt 0.28125 0.6875
vt 0.3125 0.6875
vn 0.7660444431189781 -4.3368086899420184e-17 0.6427876096865393
vn -0.6040227735550536 0.34202014332566866 0.7198463103929543
vn -0.7660444431189781 4.3368086899420184e-17 -0.6427876096865393
vn 0.6040227735550536 -0.34202014332566866 -0.7198463103929543
vn 0.21984631039295416 0.9396926207859083 -0.262002630229385
vn -0.21984631039295416 -0.9396926207859083 0.262002630229385
usemtl m_1
f 108/316/79 111/315/79 109/314/79 106/313/79
f 107/320/80 108/319/80 106/318/80 105/317/80
f 112/324/81 107/323/81 105/322/81 110/321/81
f 111/328/82 112/327/82 110/326/82 109/325/82
f 110/332/83 105/331/83 106/330/83 109/329/83
f 111/336/84 108/335/84 107/334/84 112/333/84
o cube
v 0.040208547763904395 0.09280474050157245 -0.0576419551685065
v 0.049784103302891625 0.09280474050157245 -0.04960711004742476
v 0.03471239000408052 0.06931242498192469 -0.05109188941277188
v 0.04428794554306775 0.06931242498192469 -0.04305704429169014
v 0.05733438797232979 0.0885294887100016 -0.0586051889273367
v 0.04775883243334256 0.0885294887100016 -0.06664003404841845
v 0.05183823021250593 0.06503717319035385 -0.05205512317160207
v 0.0422626746735187 0.06503717319035385 -0.06008996829268381
vt 0.28125 0.75
vt 0.3125 0.75
vt 0.3125 0.6875
vt 0.28125 0.6875
vt 0.3125 0.75
vt 0.34375 0.75
vt 0.34375 0.6875
vt 0.3125 0.6875
vt 0.3125 0.8125
vt 0.34375 0.8125
vt 0.34375 0.75
vt 0.3125 0.75
vt 0.28125 0.8125
vt 0.3125 0.8125
vt 0.3125 0.75
vt 0.28125 0.75
vt 0.34375 0.78125
vt 0.3125 0.78125
vt 0.3125 0.8125
vt 0.34375 0.8125
vt 0.5 0.9375
vt 0.46875 0.9375
vt 0.46875 0.90625
vt 0.5 0.90625
vn 0.7660444431189781 -4.3368086899420184e-17 0.6427876096865393
vn -0.6040227735550536 0.34202014332566866 0.7198463103929543
vn -0.7660444431189781 4.3368086899420184e-17 -0.6427876096865393
vn 0.6040227735550536 -0.34202014332566866 -0.7198463103929543
vn 0.21984631039295416 0.9396926207859083 -0.262002630229385
vn -0.21984631039295416 -0.9396926207859083 0.262002630229385
usemtl m_1
f 116/340/85 119/339/85 117/338/85 114/337/85
f 115/344/86 116/343/86 114/342/86 113/341/86
f 120/348/87 115/347/87 113/346/87 118/345/87
f 119/352/88 120/351/88 118/350/88 117/349/88
f 118/356/89 113/355/89 114/354/89 117/353/89
f 119/360/90 116/359/90 115/358/90 120/357/90
o cube
v -0.03636239236780889 -0.15919785252719612 0.023888463903901362
v -0.01721128128983443 -0.15919785252719612 0.03995815414606484
v -0.039110471247720796 -0.17094401028701997 0.02716349678176868
v -0.019959360169746337 -0.17094401028701997 0.04323318702393216
v -0.0021107119509580774 -0.16774835611033784 0.021961996386240995
v -0.021261823028932536 -0.16774835611033784 0.005892306144077514
v -0.004858790830870013 -0.1794945138701617 0.025237029264108306
v -0.024009901908844472 -0.1794945138701617 0.009167339021944824
vt 0.4375 1
vt 0.5 1
vt 0.5 0.96875
vt 0.4375 0.96875
vt 0.4375 0.96875
vt 0.5 0.96875
vt 0.5 0.9375
vt 0.4375 0.9375
vt 0.4375 0.9375
vt 0.5 0.9375
vt 0.5 0.90625
vt 0.4375 0.90625
vt 0.4375 0.90625
vt 0.5 0.90625
vt 0.5 0.875
vt 0.4375 0.875
vt 0.34375 0.75
vt 0.28125 0.75
vt 0.28125 0.8125
vt 0.34375 0.8125
vt 0.34375 0.75
vt 0.28125 0.75
vt 0.28125 0.6875
vt 0.34375 0.6875
vn 0.7660444431189781 -4.3368086899420184e-17 0.6427876096865393
vn -0.6040227735550536 0.34202014332566866 0.7198463103929543
vn -0.7660444431189781 4.3368086899420184e-17 -0.6427876096865393
vn 0.6040227735550536 -0.34202014332566866 -0.7198463103929543
vn 0.21984631039295416 0.9396926207859083 -0.262002630229385
vn -0.21984631039295416 -0.9396926207859083 0.262002630229385
usemtl m_1
f 124/364/91 127/363/91 125/362/91 122/361/91
f 123/368/92 124/367/92 122/366/92 121/365/92
f 128/372/93 123/371/93 121/370/93 126/369/93
f 127/376/94 128/375/94 126/374/94 125/373/94
f 126/380/95 121/379/95 122/378/95 125/377/95
f 127/384/96 124/383/96 123/382/96 128/381/96
o cube
v -0.030547551143508128 -0.17308163618280542 0.02668187990235358
v -0.02097199560452087 -0.17308163618280542 0.03471672502343532
v -0.033295630023420036 -0.18482779394262927 0.029956912780220897
v -0.023720074484432807 -0.18482779394262927 0.03799175790130264
v -0.013421710935082709 -0.17735688797437626 0.025718646143523406
v -0.02299726647406994 -0.17735688797437626 0.017683801022441666
v -0.016169789814994645 -0.18910304573420011 0.028993679021390724
v -0.025745345353981874 -0.18910304573420011 0.020958833900308983
vt 0.453125 0.90625
vt 0.484375 0.90625
vt 0.484375 0.875
vt 0.453125 0.875
vt 0.4375 0.921875
vt 0.46875 0.921875
vt 0.46875 0.890625
vt 0.4375 0.890625
vt 0.453125 0.96875
vt 0.484375 0.96875
vt 0.484375 0.9375
vt 0.453125 0.9375
vt 0.46875 1
vt 0.5 1
vt 0.5 0.96875
vt 0.46875 0.96875
vt 0.5 0.890625
vt 0.46875 0.890625
vt 0.46875 0.921875
vt 0.5 0.921875
vt 0.46875 1
vt 0.4375 1
vt 0.4375 0.96875
vt 0.46875 0.96875
vn 0.7660444431189781 -4.3368086899420184e-17 0.6427876096865393
vn -0.6040227735550536 0.34202014332566866 0.7198463103929543
vn -0.7660444431189781 4.3368086899420184e-17 -0.6427876096865393
vn 0.6040227735550536 -0.34202014332566866 -0.7198463103929543
vn 0.21984631039295416 0.9396926207859083 -0.262002630229385
vn -0.21984631039295416 -0.9396926207859083 0.262002630229385
usemtl m_1
f 132/388/97 135/387/97 133/386/97 130/385/97
f 131/392/98 132/391/98 130/390/98 129/389/98
f 136/396/99 131/395/99 129/394/99 134/393/99
f 135/400/100 136/399/100 134/398/100 133/397/100
f 134/404/101 129/403/101 130/402/101 133/401/101
f 135/408/102 132/407/102 131/406/102 136/405/102